0.0 0.7517942248145232 0.7080816979790767 1.1540430846216694 0.3617306364487256 0.40956156389686693 0.7373541167901878 0.39652485254529424 0.7202031984649606 0.46325187038577575 0.6532768005946468 0.20600715382625256 0.6167147565901865 0.7029136668754108 0.4433937362890573 0.39673393911403365 0.8836449268689939 0.5468709869576897 0.5151926699402634 0.4994549394818104 0.5340867825371538 0.5349827423295781 
0.7517942248145232 0.0 0.5312807889102893 0.8923230559217102 0.5055983404409814 0.5337848724657127 0.8171852586347639 0.5858624294660573 0.8644488821578702 0.43934971088778296 0.3314662713162476 0.703042234827725 0.46430801471229055 0.47405588223824924 0.5295148192731949 0.5227182738873274 0.4226947446799759 0.7954121325746526 0.5208668448602534 0.47600830795085725 0.670387195359918 0.4668190258132582 
0.7080816979790767 0.5312807889102893 0.0 0.8481324531264908 0.46628048593547944 0.5041512599034965 0.6128308282648254 0.6078760733075009 0.5886680320212759 0.49393034936809066 0.428561577004847 0.7066735068302111 0.47862640128693146 0.48110442638407147 0.544211619664591 0.5468365120922917 0.5373554499434985 0.6186230653375848 0.5188140368092975 0.49219196462707426 0.548288075159926 0.5161227966862326 
1.1540430846216694 0.8923230559217102 0.8481324531264908 0.0 0.885155403336528 0.8885505019950575 0.9826550977925113 1.0877349485461096 0.96658506735195 1.0200634777545021 0.8709272921316689 1.1360753361153515 0.7794888400363224 0.7408389967172926 1.0670680943769566 0.9916367788943312 0.8234506180546121 1.0636259493599587 0.9998131971300757 0.9902542307665527 1.0466119821692428 0.9722912740476647 
0.3617306364487256 0.5055983404409814 0.46628048593547944 0.885155403336528 0.0 0.04142045846381104 0.5329767827230416 0.3350455464825034 0.5254006500763875 0.20270662480370572 0.38166504472259355 0.5134461967008688 0.20527261396837415 0.27786763325601627 0.19906665116483524 0.27037502682135417 0.5258299475320642 0.45796302351134144 0.19920587721162264 0.20237425661377517 0.43793532885887765 0.21982736735147856 
0.40956156389686693 0.5337848724657127 0.5041512599034965 0.8885505019950575 0.04142045846381104 0.0 0.5329064490384101 0.3873882831529232 0.5204246921881936 0.2612688339526331 0.40574025900268484 0.5505360492602627 0.24233384802364755 0.30456121666839553 0.23733294462007404 0.33232526884349434 0.5124882439947416 0.46645541000202195 0.2308593529582833 0.23954329605738323 0.4364070406550371 0.2625118026600799 
0.7373541167901878 0.8171852586347639 0.6128308282648254 0.9826550977925113 0.5329767827230416 0.5329064490384101 0.0 0.532726376706736 0.029414916235691257 0.428209935124529 0.59270880729766 0.7632773641698243 0.4015431213245654 0.4661041875829399 0.3741089810626639 0.580640100092537 0.5784541543717812 0.07953829044152949 0.3975846375243003 0.45396850619129625 0.14263586693412267 0.48862298182777475 
0.39652485254529424 0.5858624294660573 0.6078760733075009 1.0877349485461096 0.3350455464825034 0.3873882831529232 0.532726376706736 0.0 0.5294455692741078 0.2118535246649712 0.39569474617765443 0.3682080666856469 0.2839139279860675 0.3100790758627263 0.24263704276765108 0.129441850344589 0.5502235631924941 0.44991081554806234 0.27480734305660115 0.2042867480045495 0.3798570885708805 0.23057522990477497 
0.7202031984649606 0.8644488821578702 0.5886680320212759 0.96658506735195 0.5254006500763875 0.5204246921881936 0.029414916235691257 0.5294455692741078 0.0 0.442667489807127 0.5978805025654351 0.7437461923340152 0.411561366979309 0.4588717794102639 0.39104001923346654 0.5780067856249929 0.6064987886424309 0.0698121854830811 0.4101185283918126 0.4662507680341966 0.15073645706009653 0.5042960813583942 
0.46325187038577575 0.43934971088778296 0.49393034936809066 1.0200634777545021 0.20270662480370572 0.2612688339526331 0.428209935124529 0.2118535246649712 0.442667489807127 0.0 0.32071872129844203 0.4801785614725085 0.18172137550213607 0.2565251366376404 0.053843647302007414 0.17427204608553748 0.4689172631010986 0.3942016583615022 0.06167109868865228 0.1295121805713242 0.37406599885897973 0.14714998755442743 
0.6532768005946468 0.3314662713162476 0.428561577004847 0.8709272921316689 0.38166504472259355 0.40574025900268484 0.59270880729766 0.39569474617765443 0.5978805025654351 0.32071872129844203 0.0 0.6464474819808856 0.26550046123835713 0.28103518322240784 0.3391506523781006 0.37652192163887743 0.34551611228086776 0.5916640619983908 0.34796203758789157 0.30860765799821444 0.47890094636553593 0.3266038241820157 
0.20600715382625256 0.703042234827725 0.7066735068302111 1.1360753361153515 0.5134461967008688 0.5505360492602627 0.7632773641698243 0.3682080666856469 0.7437461923340152 0.4801785614725085 0.6464474819808856 0.0 0.6625238723537009 0.7135726134224921 0.4593047939446854 0.3881524857029208 0.9114623273294266 0.5458905178046918 0.5267616172879556 0.5683908426623598 0.4925002627344872 0.6283540648101951 
0.6167147565901865 0.46430801471229055 0.47862640128693146 0.7794888400363224 0.20527261396837415 0.24233384802364755 0.4015431213245654 0.2839139279860675 0.411561366979309 0.18172137550213607 0.26550046123835713 0.6625238723537009 0.0 0.05014901240694869 0.2072313607542634 0.2212099047848387 0.3260251152083129 0.4285752487939988 0.18886623090377452 0.12866420529484424 0.39821202982836734 0.13836640721803517 
0.7029136668754108 0.47405588223824924 0.48110442638407147 0.7408389967172926 0.27786763325601627 0.30456121666839553 0.4661041875829399 0.3100790758627263 0.4588717794102639 0.2565251366376404 0.28103518322240784 0.7135726134224921 0.05014901240694869 0.0 0.2799303027815947 0.2727617839874109 0.30936294723383295 0.4710588478422887 0.253705975278429 0.19793699367717377 0.4031234948214846 0.20383153178122104 
0.4433937362890573 0.5295148192731949 0.544211619664591 1.0670680943769566 0.19906665116483524 0.23733294462007404 0.3741089810626639 0.24263704276765108 0.39104001923346654 0.053843647302007414 0.3391506523781006 0.4593047939446854 0.2072313607542634 0.2799303027815947 0.0 0.19976146742058332 0.49940079654255454 0.3342615177402718 0.01817992640642041 0.12160530523490487 0.3316183206270492 0.15062282501051172 
0.39673393911403365 0.5227182738873274 0.5468365120922917 0.9916367788943312 0.27037502682135417 0.33232526884349434 0.580640100092537 0.129441850344589 0.5780067856249929 0.17427204608553748 0.37652192163887743 0.3881524857029208 0.2212099047848387 0.2727617839874109 0.19976146742058332 0.0 0.5398370510287556 0.5079534359003444 0.20684769049188056 0.19270500186117578 0.4812896174482941 0.2096575419661738 
0.8836449268689939 0.4226947446799759 0.5373554499434985 0.8234506180546121 0.5258299475320642 0.5124882439947416 0.5784541543717812 0.5502235631924941 0.6064987886424309 0.4689172631010986 0.34551611228086776 0.9114623273294266 0.3260251152083129 0.30936294723383295 0.49940079654255454 0.5398370510287556 0.0 0.6801982647109228 0.48099813124381063 0.4060127920979003 0.5579594180687417 0.401246234396907 
0.5468709869576897 0.7954121325746526 0.6186230653375848 1.0636259493599587 0.45796302351134144 0.46645541000202195 0.07953829044152949 0.44991081554806234 0.0698121854830811 0.3942016583615022 0.5916640619983908 0.5458905178046918 0.4285752487939988 0.4710588478422887 0.3342615177402718 0.5079534359003444 0.6801982647109228 0.0 0.37763253699317123 0.4437944640092192 0.09345487722965973 0.479992475933085 
0.5151926699402634 0.5208668448602534 0.5188140368092975 0.9998131971300757 0.19920587721162264 0.2308593529582833 0.3975846375243003 0.27480734305660115 0.4101185283918126 0.06167109868865228 0.34796203758789157 0.5267616172879556 0.18886623090377452 0.253705975278429 0.01817992640642041 0.20684769049188056 0.48099813124381063 0.37763253699317123 0.0 0.12254227187912903 0.3730408412511125 0.15352708100997614 
0.4994549394818104 0.47600830795085725 0.49219196462707426 0.9902542307665527 0.20237425661377517 0.23954329605738323 0.45396850619129625 0.2042867480045495 0.4662507680341966 0.1295121805713242 0.30860765799821444 0.5683908426623598 0.12866420529484424 0.19793699367717377 0.12160530523490487 0.19270500186117578 0.4060127920979003 0.4437944640092192 0.12254227187912903 0.0 0.4095068488341347 0.017787434201921304 
0.5340867825371538 0.670387195359918 0.548288075159926 1.0466119821692428 0.43793532885887765 0.4364070406550371 0.14263586693412267 0.3798570885708805 0.15073645706009653 0.37406599885897973 0.47890094636553593 0.4925002627344872 0.39821202982836734 0.4031234948214846 0.3316183206270492 0.4812896174482941 0.5579594180687417 0.09345487722965973 0.3730408412511125 0.4095068488341347 0.0 0.4569666424525465 
0.5349827423295781 0.4668190258132582 0.5161227966862326 0.9722912740476647 0.21982736735147856 0.2625118026600799 0.48862298182777475 0.23057522990477497 0.5042960813583942 0.14714998755442743 0.3266038241820157 0.6283540648101951 0.13836640721803517 0.20383153178122104 0.15062282501051172 0.2096575419661738 0.401246234396907 0.479992475933085 0.15352708100997614 0.017787434201921304 0.4569666424525465 0.0 
